{
 "cells": [
  {
   "cell_type": "markdown",
   "metadata": {},
   "source": [
    "## Imports"
   ]
  },
  {
   "cell_type": "code",
   "execution_count": 292,
   "metadata": {},
   "outputs": [],
   "source": [
    "import numpy as np\n",
    "import pandas as pd\n",
    "import seaborn as sns\n",
    "import matplotlib.pyplot as plt"
   ]
  },
  {
   "cell_type": "markdown",
   "metadata": {},
   "source": [
    "## Importing dataset"
   ]
  },
  {
   "cell_type": "code",
   "execution_count": 293,
   "metadata": {},
   "outputs": [
    {
     "data": {
      "text/html": [
       "<div>\n",
       "<style scoped>\n",
       "    .dataframe tbody tr th:only-of-type {\n",
       "        vertical-align: middle;\n",
       "    }\n",
       "\n",
       "    .dataframe tbody tr th {\n",
       "        vertical-align: top;\n",
       "    }\n",
       "\n",
       "    .dataframe thead th {\n",
       "        text-align: right;\n",
       "    }\n",
       "</style>\n",
       "<table border=\"1\" class=\"dataframe\">\n",
       "  <thead>\n",
       "    <tr style=\"text-align: right;\">\n",
       "      <th></th>\n",
       "      <th>fixed acidity</th>\n",
       "      <th>volatile acidity</th>\n",
       "      <th>citric acid</th>\n",
       "      <th>residual sugar</th>\n",
       "      <th>chlorides</th>\n",
       "      <th>free sulfur dioxide</th>\n",
       "      <th>total sulfur dioxide</th>\n",
       "      <th>density</th>\n",
       "      <th>pH</th>\n",
       "      <th>sulphates</th>\n",
       "      <th>alcohol</th>\n",
       "      <th>quality</th>\n",
       "      <th>Id</th>\n",
       "    </tr>\n",
       "  </thead>\n",
       "  <tbody>\n",
       "    <tr>\n",
       "      <th>0</th>\n",
       "      <td>7.40</td>\n",
       "      <td>0.70</td>\n",
       "      <td>0.00</td>\n",
       "      <td>1.90</td>\n",
       "      <td>0.08</td>\n",
       "      <td>11.00</td>\n",
       "      <td>34.00</td>\n",
       "      <td>1.00</td>\n",
       "      <td>3.51</td>\n",
       "      <td>0.56</td>\n",
       "      <td>9.40</td>\n",
       "      <td>5</td>\n",
       "      <td>0</td>\n",
       "    </tr>\n",
       "    <tr>\n",
       "      <th>1</th>\n",
       "      <td>7.80</td>\n",
       "      <td>0.88</td>\n",
       "      <td>0.00</td>\n",
       "      <td>2.60</td>\n",
       "      <td>0.10</td>\n",
       "      <td>25.00</td>\n",
       "      <td>67.00</td>\n",
       "      <td>1.00</td>\n",
       "      <td>3.20</td>\n",
       "      <td>0.68</td>\n",
       "      <td>9.80</td>\n",
       "      <td>5</td>\n",
       "      <td>1</td>\n",
       "    </tr>\n",
       "    <tr>\n",
       "      <th>2</th>\n",
       "      <td>7.80</td>\n",
       "      <td>0.76</td>\n",
       "      <td>0.04</td>\n",
       "      <td>2.30</td>\n",
       "      <td>0.09</td>\n",
       "      <td>15.00</td>\n",
       "      <td>54.00</td>\n",
       "      <td>1.00</td>\n",
       "      <td>3.26</td>\n",
       "      <td>0.65</td>\n",
       "      <td>9.80</td>\n",
       "      <td>5</td>\n",
       "      <td>2</td>\n",
       "    </tr>\n",
       "    <tr>\n",
       "      <th>3</th>\n",
       "      <td>11.20</td>\n",
       "      <td>0.28</td>\n",
       "      <td>0.56</td>\n",
       "      <td>1.90</td>\n",
       "      <td>0.07</td>\n",
       "      <td>17.00</td>\n",
       "      <td>60.00</td>\n",
       "      <td>1.00</td>\n",
       "      <td>3.16</td>\n",
       "      <td>0.58</td>\n",
       "      <td>9.80</td>\n",
       "      <td>6</td>\n",
       "      <td>3</td>\n",
       "    </tr>\n",
       "    <tr>\n",
       "      <th>4</th>\n",
       "      <td>7.40</td>\n",
       "      <td>0.70</td>\n",
       "      <td>0.00</td>\n",
       "      <td>1.90</td>\n",
       "      <td>0.08</td>\n",
       "      <td>11.00</td>\n",
       "      <td>34.00</td>\n",
       "      <td>1.00</td>\n",
       "      <td>3.51</td>\n",
       "      <td>0.56</td>\n",
       "      <td>9.40</td>\n",
       "      <td>5</td>\n",
       "      <td>4</td>\n",
       "    </tr>\n",
       "  </tbody>\n",
       "</table>\n",
       "</div>"
      ],
      "text/plain": [
       "   fixed acidity  volatile acidity  citric acid  residual sugar  chlorides  \\\n",
       "0           7.40              0.70         0.00            1.90       0.08   \n",
       "1           7.80              0.88         0.00            2.60       0.10   \n",
       "2           7.80              0.76         0.04            2.30       0.09   \n",
       "3          11.20              0.28         0.56            1.90       0.07   \n",
       "4           7.40              0.70         0.00            1.90       0.08   \n",
       "\n",
       "   free sulfur dioxide  total sulfur dioxide  density   pH  sulphates  \\\n",
       "0                11.00                 34.00     1.00 3.51       0.56   \n",
       "1                25.00                 67.00     1.00 3.20       0.68   \n",
       "2                15.00                 54.00     1.00 3.26       0.65   \n",
       "3                17.00                 60.00     1.00 3.16       0.58   \n",
       "4                11.00                 34.00     1.00 3.51       0.56   \n",
       "\n",
       "   alcohol  quality  Id  \n",
       "0     9.40        5   0  \n",
       "1     9.80        5   1  \n",
       "2     9.80        5   2  \n",
       "3     9.80        6   3  \n",
       "4     9.40        5   4  "
      ]
     },
     "execution_count": 293,
     "metadata": {},
     "output_type": "execute_result"
    }
   ],
   "source": [
    "df = pd.read_csv(\"WineQT.csv\")\n",
    "df.head()"
   ]
  },
  {
   "cell_type": "code",
   "execution_count": 294,
   "metadata": {},
   "outputs": [
    {
     "data": {
      "text/html": [
       "<div>\n",
       "<style scoped>\n",
       "    .dataframe tbody tr th:only-of-type {\n",
       "        vertical-align: middle;\n",
       "    }\n",
       "\n",
       "    .dataframe tbody tr th {\n",
       "        vertical-align: top;\n",
       "    }\n",
       "\n",
       "    .dataframe thead th {\n",
       "        text-align: right;\n",
       "    }\n",
       "</style>\n",
       "<table border=\"1\" class=\"dataframe\">\n",
       "  <thead>\n",
       "    <tr style=\"text-align: right;\">\n",
       "      <th></th>\n",
       "      <th>fixed acidity</th>\n",
       "      <th>volatile acidity</th>\n",
       "      <th>citric acid</th>\n",
       "      <th>residual sugar</th>\n",
       "      <th>chlorides</th>\n",
       "      <th>free sulfur dioxide</th>\n",
       "      <th>total sulfur dioxide</th>\n",
       "      <th>density</th>\n",
       "      <th>pH</th>\n",
       "      <th>sulphates</th>\n",
       "      <th>alcohol</th>\n",
       "      <th>quality</th>\n",
       "      <th>Id</th>\n",
       "    </tr>\n",
       "  </thead>\n",
       "  <tbody>\n",
       "    <tr>\n",
       "      <th>count</th>\n",
       "      <td>1143.00</td>\n",
       "      <td>1143.00</td>\n",
       "      <td>1143.00</td>\n",
       "      <td>1143.00</td>\n",
       "      <td>1143.00</td>\n",
       "      <td>1143.00</td>\n",
       "      <td>1143.00</td>\n",
       "      <td>1143.00</td>\n",
       "      <td>1143.00</td>\n",
       "      <td>1143.00</td>\n",
       "      <td>1143.00</td>\n",
       "      <td>1143.00</td>\n",
       "      <td>1143.00</td>\n",
       "    </tr>\n",
       "    <tr>\n",
       "      <th>mean</th>\n",
       "      <td>8.31</td>\n",
       "      <td>0.53</td>\n",
       "      <td>0.27</td>\n",
       "      <td>2.53</td>\n",
       "      <td>0.09</td>\n",
       "      <td>15.62</td>\n",
       "      <td>45.91</td>\n",
       "      <td>1.00</td>\n",
       "      <td>3.31</td>\n",
       "      <td>0.66</td>\n",
       "      <td>10.44</td>\n",
       "      <td>5.66</td>\n",
       "      <td>804.97</td>\n",
       "    </tr>\n",
       "    <tr>\n",
       "      <th>std</th>\n",
       "      <td>1.75</td>\n",
       "      <td>0.18</td>\n",
       "      <td>0.20</td>\n",
       "      <td>1.36</td>\n",
       "      <td>0.05</td>\n",
       "      <td>10.25</td>\n",
       "      <td>32.78</td>\n",
       "      <td>0.00</td>\n",
       "      <td>0.16</td>\n",
       "      <td>0.17</td>\n",
       "      <td>1.08</td>\n",
       "      <td>0.81</td>\n",
       "      <td>464.00</td>\n",
       "    </tr>\n",
       "    <tr>\n",
       "      <th>min</th>\n",
       "      <td>4.60</td>\n",
       "      <td>0.12</td>\n",
       "      <td>0.00</td>\n",
       "      <td>0.90</td>\n",
       "      <td>0.01</td>\n",
       "      <td>1.00</td>\n",
       "      <td>6.00</td>\n",
       "      <td>0.99</td>\n",
       "      <td>2.74</td>\n",
       "      <td>0.33</td>\n",
       "      <td>8.40</td>\n",
       "      <td>3.00</td>\n",
       "      <td>0.00</td>\n",
       "    </tr>\n",
       "    <tr>\n",
       "      <th>25%</th>\n",
       "      <td>7.10</td>\n",
       "      <td>0.39</td>\n",
       "      <td>0.09</td>\n",
       "      <td>1.90</td>\n",
       "      <td>0.07</td>\n",
       "      <td>7.00</td>\n",
       "      <td>21.00</td>\n",
       "      <td>1.00</td>\n",
       "      <td>3.21</td>\n",
       "      <td>0.55</td>\n",
       "      <td>9.50</td>\n",
       "      <td>5.00</td>\n",
       "      <td>411.00</td>\n",
       "    </tr>\n",
       "    <tr>\n",
       "      <th>50%</th>\n",
       "      <td>7.90</td>\n",
       "      <td>0.52</td>\n",
       "      <td>0.25</td>\n",
       "      <td>2.20</td>\n",
       "      <td>0.08</td>\n",
       "      <td>13.00</td>\n",
       "      <td>37.00</td>\n",
       "      <td>1.00</td>\n",
       "      <td>3.31</td>\n",
       "      <td>0.62</td>\n",
       "      <td>10.20</td>\n",
       "      <td>6.00</td>\n",
       "      <td>794.00</td>\n",
       "    </tr>\n",
       "    <tr>\n",
       "      <th>75%</th>\n",
       "      <td>9.10</td>\n",
       "      <td>0.64</td>\n",
       "      <td>0.42</td>\n",
       "      <td>2.60</td>\n",
       "      <td>0.09</td>\n",
       "      <td>21.00</td>\n",
       "      <td>61.00</td>\n",
       "      <td>1.00</td>\n",
       "      <td>3.40</td>\n",
       "      <td>0.73</td>\n",
       "      <td>11.10</td>\n",
       "      <td>6.00</td>\n",
       "      <td>1209.50</td>\n",
       "    </tr>\n",
       "    <tr>\n",
       "      <th>max</th>\n",
       "      <td>15.90</td>\n",
       "      <td>1.58</td>\n",
       "      <td>1.00</td>\n",
       "      <td>15.50</td>\n",
       "      <td>0.61</td>\n",
       "      <td>68.00</td>\n",
       "      <td>289.00</td>\n",
       "      <td>1.00</td>\n",
       "      <td>4.01</td>\n",
       "      <td>2.00</td>\n",
       "      <td>14.90</td>\n",
       "      <td>8.00</td>\n",
       "      <td>1597.00</td>\n",
       "    </tr>\n",
       "  </tbody>\n",
       "</table>\n",
       "</div>"
      ],
      "text/plain": [
       "       fixed acidity  volatile acidity  citric acid  residual sugar  \\\n",
       "count        1143.00           1143.00      1143.00         1143.00   \n",
       "mean            8.31              0.53         0.27            2.53   \n",
       "std             1.75              0.18         0.20            1.36   \n",
       "min             4.60              0.12         0.00            0.90   \n",
       "25%             7.10              0.39         0.09            1.90   \n",
       "50%             7.90              0.52         0.25            2.20   \n",
       "75%             9.10              0.64         0.42            2.60   \n",
       "max            15.90              1.58         1.00           15.50   \n",
       "\n",
       "       chlorides  free sulfur dioxide  total sulfur dioxide  density      pH  \\\n",
       "count    1143.00              1143.00               1143.00  1143.00 1143.00   \n",
       "mean        0.09                15.62                 45.91     1.00    3.31   \n",
       "std         0.05                10.25                 32.78     0.00    0.16   \n",
       "min         0.01                 1.00                  6.00     0.99    2.74   \n",
       "25%         0.07                 7.00                 21.00     1.00    3.21   \n",
       "50%         0.08                13.00                 37.00     1.00    3.31   \n",
       "75%         0.09                21.00                 61.00     1.00    3.40   \n",
       "max         0.61                68.00                289.00     1.00    4.01   \n",
       "\n",
       "       sulphates  alcohol  quality      Id  \n",
       "count    1143.00  1143.00  1143.00 1143.00  \n",
       "mean        0.66    10.44     5.66  804.97  \n",
       "std         0.17     1.08     0.81  464.00  \n",
       "min         0.33     8.40     3.00    0.00  \n",
       "25%         0.55     9.50     5.00  411.00  \n",
       "50%         0.62    10.20     6.00  794.00  \n",
       "75%         0.73    11.10     6.00 1209.50  \n",
       "max         2.00    14.90     8.00 1597.00  "
      ]
     },
     "execution_count": 294,
     "metadata": {},
     "output_type": "execute_result"
    }
   ],
   "source": [
    "df.describe()"
   ]
  },
  {
   "cell_type": "markdown",
   "metadata": {},
   "source": [
    "## Checking data types in dataset"
   ]
  },
  {
   "cell_type": "code",
   "execution_count": 295,
   "metadata": {},
   "outputs": [
    {
     "name": "stdout",
     "output_type": "stream",
     "text": [
      "<class 'pandas.core.frame.DataFrame'>\n",
      "RangeIndex: 1143 entries, 0 to 1142\n",
      "Data columns (total 13 columns):\n",
      " #   Column                Non-Null Count  Dtype  \n",
      "---  ------                --------------  -----  \n",
      " 0   fixed acidity         1143 non-null   float64\n",
      " 1   volatile acidity      1143 non-null   float64\n",
      " 2   citric acid           1143 non-null   float64\n",
      " 3   residual sugar        1143 non-null   float64\n",
      " 4   chlorides             1143 non-null   float64\n",
      " 5   free sulfur dioxide   1143 non-null   float64\n",
      " 6   total sulfur dioxide  1143 non-null   float64\n",
      " 7   density               1143 non-null   float64\n",
      " 8   pH                    1143 non-null   float64\n",
      " 9   sulphates             1143 non-null   float64\n",
      " 10  alcohol               1143 non-null   float64\n",
      " 11  quality               1143 non-null   int64  \n",
      " 12  Id                    1143 non-null   int64  \n",
      "dtypes: float64(11), int64(2)\n",
      "memory usage: 116.2 KB\n"
     ]
    }
   ],
   "source": [
    "df.info()"
   ]
  },
  {
   "cell_type": "code",
   "execution_count": 296,
   "metadata": {},
   "outputs": [],
   "source": [
    "# Description:\n",
    "# This datasets is related to red variants of the Portuguese \"Vinho Verde\" wine.\n",
    "# The dataset describes the amount of various chemicals present in wine and their effect on it's quality. \n",
    "# The datasets can be viewed as classification or regression tasks. \n",
    "# The classes are ordered and not balanced (e.g. there are much more normal wines than excellent or poor ones).\n",
    "# A simple yet challenging project, to anticipate the quality of wine.\n",
    "# The complexity arises due to the fact that the dataset has fewer samples, & is highly imbalanced."
   ]
  },
  {
   "cell_type": "code",
   "execution_count": 297,
   "metadata": {},
   "outputs": [],
   "source": [
    "# This data frame contains the following columns:\n",
    "\n",
    "# Input variables (based on physicochemical tests):\\\n",
    "# 1 - fixed acidity\\\n",
    "# 2 - volatile acidity\\\n",
    "# 3 - citric acid\\\n",
    "# 4 - residual sugar\\\n",
    "# 5 - chlorides\\\n",
    "# 6 - free sulfur dioxide\\\n",
    "# 7 - total sulfur dioxide\\\n",
    "# 8 - density\\\n",
    "# 9 - pH\\\n",
    "# 10 - sulphates\\\n",
    "# 11 - alcohol\\\n",
    "# Output variable (based on sensory data):\\\n",
    "# 12 - quality (score between 0 and 10)"
   ]
  },
  {
   "cell_type": "markdown",
   "metadata": {},
   "source": [
    "## Checking nul values"
   ]
  },
  {
   "cell_type": "code",
   "execution_count": 298,
   "metadata": {},
   "outputs": [
    {
     "data": {
      "text/plain": [
       "fixed acidity           0\n",
       "volatile acidity        0\n",
       "citric acid             0\n",
       "residual sugar          0\n",
       "chlorides               0\n",
       "free sulfur dioxide     0\n",
       "total sulfur dioxide    0\n",
       "density                 0\n",
       "pH                      0\n",
       "sulphates               0\n",
       "alcohol                 0\n",
       "quality                 0\n",
       "Id                      0\n",
       "dtype: int64"
      ]
     },
     "execution_count": 298,
     "metadata": {},
     "output_type": "execute_result"
    }
   ],
   "source": [
    "df.isna().sum()"
   ]
  },
  {
   "cell_type": "code",
   "execution_count": 299,
   "metadata": {},
   "outputs": [
    {
     "name": "stdout",
     "output_type": "stream",
     "text": [
      "The Value Quality  [5 6 7 4 8 3]\n"
     ]
    }
   ],
   "source": [
    "df.drop(columns=\"Id\",inplace=True)\n",
    "print(\"The Value Quality \",df[\"quality\"].unique())"
   ]
  },
  {
   "cell_type": "code",
   "execution_count": 300,
   "metadata": {},
   "outputs": [
    {
     "data": {
      "application/vnd.plotly.v1+json": {
       "config": {
        "plotlyServerURL": "https://plot.ly"
       },
       "data": [
        {
         "coloraxis": "coloraxis",
         "hovertemplate": "Columns: %{x}<br>Columns: %{y}<br>color: %{z}<extra></extra>",
         "name": "0",
         "type": "heatmap",
         "x": [
          "fixed acidity",
          "volatile acidity",
          "citric acid",
          "residual sugar",
          "chlorides",
          "free sulfur dioxide",
          "total sulfur dioxide",
          "density",
          "pH",
          "sulphates",
          "alcohol",
          "quality"
         ],
         "xaxis": "x",
         "y": [
          "fixed acidity",
          "volatile acidity",
          "citric acid",
          "residual sugar",
          "chlorides",
          "free sulfur dioxide",
          "total sulfur dioxide",
          "density",
          "pH",
          "sulphates",
          "alcohol",
          "quality"
         ],
         "yaxis": "y",
         "z": [
          [
           1,
           -0.2507283222922267,
           0.6731572507629235,
           0.17183053523615718,
           0.10788856981486475,
           -0.16483079329778236,
           -0.11062836769999605,
           0.6815008826691703,
           -0.6851625988235482,
           0.1745918252127846,
           -0.07505485317982612,
           0.12197009989725939
          ],
          [
           -0.2507283222922267,
           1,
           -0.5441869374183994,
           -0.005751096727715598,
           0.05633625898948119,
           -0.0019624789024567917,
           0.07774772174216345,
           0.01651151969842792,
           0.2214915179882762,
           -0.27607859664162426,
           -0.20390927263243766,
           -0.40739351292438425
          ],
          [
           0.6731572507629235,
           -0.5441869374183994,
           1,
           0.17581485365184404,
           0.24531248978995243,
           -0.05758910401502515,
           0.0368711101713151,
           0.3752432604912532,
           -0.5463391381265055,
           0.33123175783491793,
           0.106250343253282,
           0.24082083714719305
          ],
          [
           0.17183053523615718,
           -0.005751096727715598,
           0.17581485365184404,
           1,
           0.07086311181911287,
           0.1653387971252345,
           0.1907900349517252,
           0.38014695171471213,
           -0.11695893598551792,
           0.01747450374054128,
           0.05842060594172391,
           0.02200193057996692
          ],
          [
           0.10788856981486475,
           0.05633625898948119,
           0.24531248978995243,
           0.07086311181911287,
           1,
           0.015280458103643783,
           0.04816316089792963,
           0.20890071067822524,
           -0.2777590680558625,
           0.37478389389790284,
           -0.2299170942071166,
           -0.12408453132892894
          ],
          [
           -0.16483079329778236,
           -0.0019624789024567917,
           -0.05758910401502515,
           0.1653387971252345,
           0.015280458103643783,
           1,
           0.6610928721834333,
           -0.054150318124640315,
           0.0728037064384535,
           0.03444512164275631,
           -0.047094832015450706,
           -0.06325964147253875
          ],
          [
           -0.11062836769999605,
           0.07774772174216345,
           0.0368711101713151,
           0.1907900349517252,
           0.04816316089792963,
           0.6610928721834333,
           1,
           0.05017482698912892,
           -0.0591257200125416,
           0.026893682152839316,
           -0.18816479879899578,
           -0.18333914747213004
          ],
          [
           0.6815008826691703,
           0.01651151969842792,
           0.3752432604912532,
           0.38014695171471213,
           0.20890071067822524,
           -0.054150318124640315,
           0.05017482698912892,
           1,
           -0.3527746247768655,
           0.14313929001288817,
           -0.49472689818400944,
           -0.17520792322644704
          ],
          [
           -0.6851625988235482,
           0.2214915179882762,
           -0.5463391381265055,
           -0.11695893598551792,
           -0.2777590680558625,
           0.0728037064384535,
           -0.0591257200125416,
           -0.3527746247768655,
           1,
           -0.18549903114396318,
           0.22532220287324645,
           -0.05245303335788242
          ],
          [
           0.1745918252127846,
           -0.27607859664162426,
           0.33123175783491793,
           0.01747450374054128,
           0.37478389389790284,
           0.03444512164275631,
           0.026893682152839316,
           0.14313929001288817,
           -0.18549903114396318,
           1,
           0.094421126411993,
           0.2577102599306222
          ],
          [
           -0.07505485317982612,
           -0.20390927263243766,
           0.106250343253282,
           0.05842060594172391,
           -0.2299170942071166,
           -0.047094832015450706,
           -0.18816479879899578,
           -0.49472689818400944,
           0.22532220287324645,
           0.094421126411993,
           1,
           0.48486621180851264
          ],
          [
           0.12197009989725939,
           -0.40739351292438425,
           0.24082083714719305,
           0.02200193057996692,
           -0.12408453132892894,
           -0.06325964147253875,
           -0.18333914747213004,
           -0.17520792322644704,
           -0.05245303335788242,
           0.2577102599306222,
           0.48486621180851264,
           1
          ]
         ]
        }
       ],
       "layout": {
        "coloraxis": {
         "colorscale": [
          [
           0,
           "#440154"
          ],
          [
           0.1111111111111111,
           "#482878"
          ],
          [
           0.2222222222222222,
           "#3e4989"
          ],
          [
           0.3333333333333333,
           "#31688e"
          ],
          [
           0.4444444444444444,
           "#26828e"
          ],
          [
           0.5555555555555556,
           "#1f9e89"
          ],
          [
           0.6666666666666666,
           "#35b779"
          ],
          [
           0.7777777777777778,
           "#6ece58"
          ],
          [
           0.8888888888888888,
           "#b5de2b"
          ],
          [
           1,
           "#fde725"
          ]
         ]
        },
        "template": {
         "data": {
          "bar": [
           {
            "error_x": {
             "color": "#2a3f5f"
            },
            "error_y": {
             "color": "#2a3f5f"
            },
            "marker": {
             "line": {
              "color": "#E5ECF6",
              "width": 0.5
             },
             "pattern": {
              "fillmode": "overlay",
              "size": 10,
              "solidity": 0.2
             }
            },
            "type": "bar"
           }
          ],
          "barpolar": [
           {
            "marker": {
             "line": {
              "color": "#E5ECF6",
              "width": 0.5
             },
             "pattern": {
              "fillmode": "overlay",
              "size": 10,
              "solidity": 0.2
             }
            },
            "type": "barpolar"
           }
          ],
          "carpet": [
           {
            "aaxis": {
             "endlinecolor": "#2a3f5f",
             "gridcolor": "white",
             "linecolor": "white",
             "minorgridcolor": "white",
             "startlinecolor": "#2a3f5f"
            },
            "baxis": {
             "endlinecolor": "#2a3f5f",
             "gridcolor": "white",
             "linecolor": "white",
             "minorgridcolor": "white",
             "startlinecolor": "#2a3f5f"
            },
            "type": "carpet"
           }
          ],
          "choropleth": [
           {
            "colorbar": {
             "outlinewidth": 0,
             "ticks": ""
            },
            "type": "choropleth"
           }
          ],
          "contour": [
           {
            "colorbar": {
             "outlinewidth": 0,
             "ticks": ""
            },
            "colorscale": [
             [
              0,
              "#0d0887"
             ],
             [
              0.1111111111111111,
              "#46039f"
             ],
             [
              0.2222222222222222,
              "#7201a8"
             ],
             [
              0.3333333333333333,
              "#9c179e"
             ],
             [
              0.4444444444444444,
              "#bd3786"
             ],
             [
              0.5555555555555556,
              "#d8576b"
             ],
             [
              0.6666666666666666,
              "#ed7953"
             ],
             [
              0.7777777777777778,
              "#fb9f3a"
             ],
             [
              0.8888888888888888,
              "#fdca26"
             ],
             [
              1,
              "#f0f921"
             ]
            ],
            "type": "contour"
           }
          ],
          "contourcarpet": [
           {
            "colorbar": {
             "outlinewidth": 0,
             "ticks": ""
            },
            "type": "contourcarpet"
           }
          ],
          "heatmap": [
           {
            "colorbar": {
             "outlinewidth": 0,
             "ticks": ""
            },
            "colorscale": [
             [
              0,
              "#0d0887"
             ],
             [
              0.1111111111111111,
              "#46039f"
             ],
             [
              0.2222222222222222,
              "#7201a8"
             ],
             [
              0.3333333333333333,
              "#9c179e"
             ],
             [
              0.4444444444444444,
              "#bd3786"
             ],
             [
              0.5555555555555556,
              "#d8576b"
             ],
             [
              0.6666666666666666,
              "#ed7953"
             ],
             [
              0.7777777777777778,
              "#fb9f3a"
             ],
             [
              0.8888888888888888,
              "#fdca26"
             ],
             [
              1,
              "#f0f921"
             ]
            ],
            "type": "heatmap"
           }
          ],
          "heatmapgl": [
           {
            "colorbar": {
             "outlinewidth": 0,
             "ticks": ""
            },
            "colorscale": [
             [
              0,
              "#0d0887"
             ],
             [
              0.1111111111111111,
              "#46039f"
             ],
             [
              0.2222222222222222,
              "#7201a8"
             ],
             [
              0.3333333333333333,
              "#9c179e"
             ],
             [
              0.4444444444444444,
              "#bd3786"
             ],
             [
              0.5555555555555556,
              "#d8576b"
             ],
             [
              0.6666666666666666,
              "#ed7953"
             ],
             [
              0.7777777777777778,
              "#fb9f3a"
             ],
             [
              0.8888888888888888,
              "#fdca26"
             ],
             [
              1,
              "#f0f921"
             ]
            ],
            "type": "heatmapgl"
           }
          ],
          "histogram": [
           {
            "marker": {
             "pattern": {
              "fillmode": "overlay",
              "size": 10,
              "solidity": 0.2
             }
            },
            "type": "histogram"
           }
          ],
          "histogram2d": [
           {
            "colorbar": {
             "outlinewidth": 0,
             "ticks": ""
            },
            "colorscale": [
             [
              0,
              "#0d0887"
             ],
             [
              0.1111111111111111,
              "#46039f"
             ],
             [
              0.2222222222222222,
              "#7201a8"
             ],
             [
              0.3333333333333333,
              "#9c179e"
             ],
             [
              0.4444444444444444,
              "#bd3786"
             ],
             [
              0.5555555555555556,
              "#d8576b"
             ],
             [
              0.6666666666666666,
              "#ed7953"
             ],
             [
              0.7777777777777778,
              "#fb9f3a"
             ],
             [
              0.8888888888888888,
              "#fdca26"
             ],
             [
              1,
              "#f0f921"
             ]
            ],
            "type": "histogram2d"
           }
          ],
          "histogram2dcontour": [
           {
            "colorbar": {
             "outlinewidth": 0,
             "ticks": ""
            },
            "colorscale": [
             [
              0,
              "#0d0887"
             ],
             [
              0.1111111111111111,
              "#46039f"
             ],
             [
              0.2222222222222222,
              "#7201a8"
             ],
             [
              0.3333333333333333,
              "#9c179e"
             ],
             [
              0.4444444444444444,
              "#bd3786"
             ],
             [
              0.5555555555555556,
              "#d8576b"
             ],
             [
              0.6666666666666666,
              "#ed7953"
             ],
             [
              0.7777777777777778,
              "#fb9f3a"
             ],
             [
              0.8888888888888888,
              "#fdca26"
             ],
             [
              1,
              "#f0f921"
             ]
            ],
            "type": "histogram2dcontour"
           }
          ],
          "mesh3d": [
           {
            "colorbar": {
             "outlinewidth": 0,
             "ticks": ""
            },
            "type": "mesh3d"
           }
          ],
          "parcoords": [
           {
            "line": {
             "colorbar": {
              "outlinewidth": 0,
              "ticks": ""
             }
            },
            "type": "parcoords"
           }
          ],
          "pie": [
           {
            "automargin": true,
            "type": "pie"
           }
          ],
          "scatter": [
           {
            "fillpattern": {
             "fillmode": "overlay",
             "size": 10,
             "solidity": 0.2
            },
            "type": "scatter"
           }
          ],
          "scatter3d": [
           {
            "line": {
             "colorbar": {
              "outlinewidth": 0,
              "ticks": ""
             }
            },
            "marker": {
             "colorbar": {
              "outlinewidth": 0,
              "ticks": ""
             }
            },
            "type": "scatter3d"
           }
          ],
          "scattercarpet": [
           {
            "marker": {
             "colorbar": {
              "outlinewidth": 0,
              "ticks": ""
             }
            },
            "type": "scattercarpet"
           }
          ],
          "scattergeo": [
           {
            "marker": {
             "colorbar": {
              "outlinewidth": 0,
              "ticks": ""
             }
            },
            "type": "scattergeo"
           }
          ],
          "scattergl": [
           {
            "marker": {
             "colorbar": {
              "outlinewidth": 0,
              "ticks": ""
             }
            },
            "type": "scattergl"
           }
          ],
          "scattermapbox": [
           {
            "marker": {
             "colorbar": {
              "outlinewidth": 0,
              "ticks": ""
             }
            },
            "type": "scattermapbox"
           }
          ],
          "scatterpolar": [
           {
            "marker": {
             "colorbar": {
              "outlinewidth": 0,
              "ticks": ""
             }
            },
            "type": "scatterpolar"
           }
          ],
          "scatterpolargl": [
           {
            "marker": {
             "colorbar": {
              "outlinewidth": 0,
              "ticks": ""
             }
            },
            "type": "scatterpolargl"
           }
          ],
          "scatterternary": [
           {
            "marker": {
             "colorbar": {
              "outlinewidth": 0,
              "ticks": ""
             }
            },
            "type": "scatterternary"
           }
          ],
          "surface": [
           {
            "colorbar": {
             "outlinewidth": 0,
             "ticks": ""
            },
            "colorscale": [
             [
              0,
              "#0d0887"
             ],
             [
              0.1111111111111111,
              "#46039f"
             ],
             [
              0.2222222222222222,
              "#7201a8"
             ],
             [
              0.3333333333333333,
              "#9c179e"
             ],
             [
              0.4444444444444444,
              "#bd3786"
             ],
             [
              0.5555555555555556,
              "#d8576b"
             ],
             [
              0.6666666666666666,
              "#ed7953"
             ],
             [
              0.7777777777777778,
              "#fb9f3a"
             ],
             [
              0.8888888888888888,
              "#fdca26"
             ],
             [
              1,
              "#f0f921"
             ]
            ],
            "type": "surface"
           }
          ],
          "table": [
           {
            "cells": {
             "fill": {
              "color": "#EBF0F8"
             },
             "line": {
              "color": "white"
             }
            },
            "header": {
             "fill": {
              "color": "#C8D4E3"
             },
             "line": {
              "color": "white"
             }
            },
            "type": "table"
           }
          ]
         },
         "layout": {
          "annotationdefaults": {
           "arrowcolor": "#2a3f5f",
           "arrowhead": 0,
           "arrowwidth": 1
          },
          "autotypenumbers": "strict",
          "coloraxis": {
           "colorbar": {
            "outlinewidth": 0,
            "ticks": ""
           }
          },
          "colorscale": {
           "diverging": [
            [
             0,
             "#8e0152"
            ],
            [
             0.1,
             "#c51b7d"
            ],
            [
             0.2,
             "#de77ae"
            ],
            [
             0.3,
             "#f1b6da"
            ],
            [
             0.4,
             "#fde0ef"
            ],
            [
             0.5,
             "#f7f7f7"
            ],
            [
             0.6,
             "#e6f5d0"
            ],
            [
             0.7,
             "#b8e186"
            ],
            [
             0.8,
             "#7fbc41"
            ],
            [
             0.9,
             "#4d9221"
            ],
            [
             1,
             "#276419"
            ]
           ],
           "sequential": [
            [
             0,
             "#0d0887"
            ],
            [
             0.1111111111111111,
             "#46039f"
            ],
            [
             0.2222222222222222,
             "#7201a8"
            ],
            [
             0.3333333333333333,
             "#9c179e"
            ],
            [
             0.4444444444444444,
             "#bd3786"
            ],
            [
             0.5555555555555556,
             "#d8576b"
            ],
            [
             0.6666666666666666,
             "#ed7953"
            ],
            [
             0.7777777777777778,
             "#fb9f3a"
            ],
            [
             0.8888888888888888,
             "#fdca26"
            ],
            [
             1,
             "#f0f921"
            ]
           ],
           "sequentialminus": [
            [
             0,
             "#0d0887"
            ],
            [
             0.1111111111111111,
             "#46039f"
            ],
            [
             0.2222222222222222,
             "#7201a8"
            ],
            [
             0.3333333333333333,
             "#9c179e"
            ],
            [
             0.4444444444444444,
             "#bd3786"
            ],
            [
             0.5555555555555556,
             "#d8576b"
            ],
            [
             0.6666666666666666,
             "#ed7953"
            ],
            [
             0.7777777777777778,
             "#fb9f3a"
            ],
            [
             0.8888888888888888,
             "#fdca26"
            ],
            [
             1,
             "#f0f921"
            ]
           ]
          },
          "colorway": [
           "#636efa",
           "#EF553B",
           "#00cc96",
           "#ab63fa",
           "#FFA15A",
           "#19d3f3",
           "#FF6692",
           "#B6E880",
           "#FF97FF",
           "#FECB52"
          ],
          "font": {
           "color": "#2a3f5f"
          },
          "geo": {
           "bgcolor": "white",
           "lakecolor": "white",
           "landcolor": "#E5ECF6",
           "showlakes": true,
           "showland": true,
           "subunitcolor": "white"
          },
          "hoverlabel": {
           "align": "left"
          },
          "hovermode": "closest",
          "mapbox": {
           "style": "light"
          },
          "paper_bgcolor": "white",
          "plot_bgcolor": "#E5ECF6",
          "polar": {
           "angularaxis": {
            "gridcolor": "white",
            "linecolor": "white",
            "ticks": ""
